# Comment are marked with # and are ignored
# A row starting with a letter is the table name
# Names should be short but descriptive. Spaces will be striped
# A row starting with a number is a row in the table
# The first number is TWS, and is followed by alternating pairs of 
# TWA and then Value. 
# Table rows should contain nothing but numbers and spaces
# Blank lines are ignored

# This example is a Polar Boatspeed table showing the polar boatspeed in various winds

polars
#TWS Angle Bsp
4	0.0	0.00	32.0	3.55	45.6	4.62	52.0	5.17	60.0	5.60	90.0	5.80	120.0	5.33	135.0	4.58	138.2	4.36	180.0	2.43
6	0.0	0.00	32.0	5.01	48.8	6.40	52.0	6.80	60.0	7.17	90.0	7.51	120.0	7.44	135.0	6.70	136.6	6.54	180.0	3.56
8	0.0	0.00	32.0	6.24	40.3	6.87	52.0	7.72	60.0	7.94	90.0	8.37	120.0	8.36	135.0	7.82	145.8	7.12	180.0	4.61
10	0.0	0.00	32.0	6.74	36.4	7.13	52.0	8.13	60.0	8.39	90.0	8.88	120.0	9.04	135.0	8.56	151.6	7.57	180.0	5.62
12	0.0	0.00	32.0	7.07	34.5	7.32	52.0	8.41	60.0	8.70	90.0	9.22	120.0	9.63	135.0	9.18	154.5	8.10	180.0	6.77
14	0.0	0.00	32.0	7.33	33.6	7.47	52.0	8.62	60.0	8.90	90.0	9.53	120.0	10.33	135.0	9.82	156.2	8.61	180.0	7.58
16	0.0	0.00	32.0	7.48	33.2	7.59	52.0	8.77	60.0	9.09	90.0	9.84	120.0	11.17	135.0	10.81	152.0	9.27	180.0	8.15
20	0.0	0.00	32.0	7.73	34.0	7.91	52.0	9.01	60.0	9.35	90.0	10.55	120.0	12.43	135.0	13.04	146.8	11.80	180.0	9.29
25	0.0	0.00	32.0	7.88	35.0	8.16	52.0	9.22	60.0	9.60	90.0	11.45	120.0	13.89	135.0	14.74	149.8	14.41	180.0	10.96
30	0.0	0.00	32.0	7.72	35.7	8.09	52.0	9.30	60.0	9.79	90.0	12.43	120.0	14.85	135.0	15.66	156.2	15.14	180.0	12.80
35	0.0	0.00	32.0	7.60	36.5	7.99	52.0	9.46	60.0	9.94	90.0	13.40	120.0	15.76	135.0	16.28	166.0	15.95	180.0	15.06

test
0 0 1 5 10
10 0 1 5 10